1 0
1 0
1 0
1 0
1 0
1 0
1 0.00068631
1 0.12364
1 0.20731
1 0.28028
1 0.30471
1 0.31783
1 0.29141
1 0.24405
1 0.17422
1 0.024564
1 0.0001547
1 0
1 0
1 0
1 0
1 0
1 0
1 0
1 0
1 0
1 0
1 0
1 0
1 0
1 0.00038841
1 0.11045
1 0.19577
1 0.26945
1 0.29475
1 0.30987
1 0.28221
1 0.23829
1 0.16138
1 0.018407
1 5.34e-05
1 0
1 0
1 0
1 0
1 0
1 0
1 0
1 0
1 0
1 0
1 0
1 0
1 0
1 0.00017953
1 0.097218
1 0.1859
1 0.25821
1 0.28376
1 0.30214
1 0.27196
1 0.23143
1 0.14827
1 0.013642
1 1.62e-05
1 0
1 0
1 0
1 0
1 0
1 0
1 0
1 0
1 0
1 0
1 0
1 0
1 0
1 5.94e-05
1 0.083562
1 0.1752
1 0.24689
1 0.2754
1 0.29358
1 0.26056
1 0.22433
1 0.13438
1 0.010081
1 4.35e-06
1 0
1 0
1 0
1 0
1 0
1 0
1 0
1 0
1 0
1 0
1 0
1 0
1 0
1 2.44e-05
1 0.069992
1 0.16368
1 0.23798
1 0.26793
1 0.28423
1 0.24929
1 0.2185
1 0.12075
1 0.0072724
1 6.63e-07
1 0
1 0
1 0
1 0
1 0
1 0
1 0
1 0
1 0
1 0
1 0
1 0
1 0
1 6.9e-06
1 0.057481
1 0.15259
1 0.22783
1 0.26301
1 0.27362
1 0.2403
1 0.21048
1 0.10789
1 0.0050193
1 2.15e-07
1 0
1 0
1 0
1 0
1 0
1 0
1 0
1 0
1 0
1 0
1 0
1 0
1 0
1 2.51e-06
1 0.04671
1 0.14252
1 0.2173
1 0.25945
1 0.26259
1 0.23269
1 0.20199
1 0.095419
1 0.0035099
1 0
1 0
1 0
1 0
1 0
1 0
1 0
1 0
1 0
1 0
1 0
1 0
1 0
1 0
1 4.8e-07
1 0.037856
1 0.13292
1 0.20501
1 0.25363
1 0.25383
1 0.2243
1 0.19377
1 0.083065
1 0.0025532
1 0
1 0
1 0
1 0
1 0
1 0
1 0
1 0
1 0
1 0
1 0
1 0
1 0
1 0
1 2.2e-07
1 0.030277
1 0.122
1 0.19426
1 0.24735
1 0.24682
1 0.21694
1 0.18703
1 0.071866
1 0.0018508
1 0
1 0
1 0
1 0
1 0
1 0
1 0
1 0
1 0
1 0
1 0
1 0
1 0
1 0
1 0
1 0.02326
1 0.10972
1 0.18389
1 0.24002
1 0.23893
1 0.20855
1 0.18046
1 0.06169
1 0.0012234
1 0
1 0
1 0
1 0
1 0
1 0
1 0
1 0
1 0
1 0
1 0
1 0
1 0
1 0
1 0
1 0.016914
1 0.098677
1 0.17252
1 0.23191
1 0.22931
1 0.1993
1 0.17338
1 0.052837
1 0.00072077
1 0
1 0
1 0
1 0
1 0
1 0
1 0
1 0
1 0
1 0
1 0
1 0
1 0
1 0
1 0
1 0.011891
1 0.088953
1 0.16097
1 0.22426
1 0.21796
1 0.18979
1 0.16619
1 0.044927
1 0.00033531
1 0
1 0
1 0
1 0
1 0
1 0
1 0
1 0
1 0
1 0
1 0
1 0
1 0
1 0
1 0
1 0.0081801
1 0.07946
1 0.15186
1 0.21452
1 0.20846
1 0.17828
1 0.15841
1 0.037621
1 0.00012124
1 0
1 0
1 0
1 0
1 0
1 0
1 0
1 0
1 0
1 0
1 0
1 0
1 0
1 0
1 0
1 0.0059614
1 0.068794
1 0.14346
1 0.20247
1 0.19939
1 0.16794
1 0.15091
1 0.031062
1 4.4e-05
1 0
1 0
1 0
1 0
1 0
1 0
1 0
1 0
1 0
1 0
1 0
1 0
1 0
1 0
1 0
1 0.0046125
1 0.0588
1 0.13233
1 0.19213
1 0.18988
1 0.1593
1 0.14392
1 0.025115
1 1.89e-05
1 0
1 0
1 0
1 0
1 0
1 0
1 0
1 0
1 0
1 0
1 0
1 0
1 0
1 0
1 0
1 0.003241
1 0.049603
1 0.1201
1 0.18142
1 0.17934
1 0.15075
1 0.13778
1 0.01974
1 6.84e-06
1 0
1 0
1 0
1 0
1 0
1 0
1 0
1 0
1 0
1 0
1 0
1 0
1 0
1 0
1 0
1 0.0019788
1 0.041147
1 0.10893
1 0.17087
1 0.16842
1 0.14333
1 0.13128
1 0.015151
1 1.95e-06
1 0
1 0
1 0
1 0
1 0
1 0
1 0
1 0
1 0
1 0
1 0
1 0
1 0
1 0
1 0
1 0.0010589
1 0.034377
1 0.098349
1 0.16045
1 0.15945
1 0.13746
1 0.12413
1 0.011199
1 9.13e-07
1 0
1 0
1 0
1 0
1 0
1 0
1 0
1 0
1 0
1 0
1 0
1 0
1 0
1 0
1 0
1 0.00051758
1 0.02812
1 0.087896
1 0.15202
1 0.15307
1 0.1302
1 0.11662
1 0.0077166
1 2.51e-07
1 0
1 0
1 0
1 0
1 0
1 0
1 0
1 0
1 0
1 0
1 0
1 0
1 0
1 0
1 0
1 0.000232
1 0.022333
1 0.0791
1 0.14698
1 0.14673
1 0.12307
1 0.1077
1 0.005083
1 0
1 0
1 0
1 0
1 0
1 0
1 0
1 0
1 0
1 0
1 0
1 0
1 0
1 0
1 0
1 0
1 9.53e-05
1 0.018098
1 0.072066
1 0.14352
1 0.13997
1 0.11638
1 0.098589
1 0.0030914
1 0
1 0
1 0
1 0
1 0
1 0
1 0
1 0
1 0
1 0
1 0
1 0
1 0
1 0
1 0
1 0
1 3.36e-05
1 0.015416
1 0.064684
1 0.13887
1 0.13305
1 0.1098
1 0.089173
1 0.0016622
1 0
1 0
1 0
1 0
1 0
1 0
1 0
1 0
1 0
1 0
1 0
1 0
1 0
1 0
1 0
1 0
1 1.12e-05
1 0.012927
1 0.056993
1 0.1317
1 0.12658
1 0.10469
1 0.079505
1 0.00084881
1 0
1 0
1 0
1 0
1 0
1 0
1 0
1 0
1 0
1 0
1 0
1 0
1 0
1 0
1 0
1 0
1 3.8e-06
1 0.010565
1 0.049154
1 0.12402
1 0.12163
1 0.099694
1 0.069392
1 0.00039908
1 0
1 0
1 0
1 0
1 0
1 0
1 0
1 0
1 0
1 0
1 0
1 0
1 0
1 0
1 0
1 0
1 7.5e-07
1 0.0086569
1 0.043046
1 0.11679
1 0.11716
1 0.094915
1 0.059082
1 0.00017031
1 0
1 0
1 0
1 0
1 0
1 0
1 0
1 0
1 0
1 0
1 0
1 0
1 0
1 0
1 0
1 0
1 2.96e-07
1 0.0070692
1 0.038339
1 0.10983
1 0.1122
1 0.089739
1 0.048957
1 5.97e-05
1 0
1 0
1 0
1 0
1 0
1 0
1 0
1 0
1 0
1 0
1 0
1 0
1 0
1 0
1 0
1 0
1 0
1 0.0055124
1 0.034521
1 0.10291
1 0.10781
1 0.085006
1 0.039042
1 1.97e-05
1 0
1 0
1 0
1 0
1 0
1 0
1 0
1 0
1 0
1 0
1 0
1 0
1 0
1 0
1 0
1 0
1 0
1 0.0040067
1 0.030849
1 0.096858
1 0.10474
1 0.081297
1 0.030324
1 5.31e-06
1 0
1 0
1 0
1 0
1 0
1 0
1 0
1 0
1 0
1 0
1 0
1 0
1 0
1 0
1 0
1 0
1 0
1 0.002734
1 0.027061
1 0.09168
1 0.10209
1 0.077656
1 0.023075
1 1.13e-06
1 0
1 0
1 0
1 0
1 0
1 0
1 0
1 0
1 0
1 0
1 0
1 0
1 0
1 0
1 0
1 0
1 0
1 0.0017072
1 0.023555
1 0.087233
1 0.099348
1 0.074123
1 0.017419
1 0
1 0
1 0
1 0
1 0
1 0
1 0
1 0
1 0
1 0
1 0
1 0
1 0
1 0
1 0
1 0
1 0
1 0
1 0.00097185
1 0.021066
1 0.082432
1 0.096068
1 0.070024
1 0.01336
1 0
1 0
1 0
1 0
1 0
1 0
1 0
1 0
1 0
1 0
1 0
1 0
1 0
1 0
1 0
1 0
1 0
1 0
1 0.00050933
1 0.019313
1 0.07796
1 0.091337
1 0.0658
1 0.010199
1 0
1 0
1 0
1 0
1 0
1 0
1 0
1 0
1 0
1 0
1 0
1 0
1 0
1 0
1 0
1 0
1 0
1 0
1 0.00023837
1 0.017488
1 0.073823
1 0.086394
1 0.060432
1 0.0076803
1 0
1 0
1 0
1 0
1 0
1 0
1 0
1 0
1 0
1 0
1 0
1 0
1 0
1 0
1 0
1 0
1 0
1 0
1 0.00010173
1 0.015487
1 0.070014
1 0.081857
1 0.05483
1 0.0056784
1 0
1 0
1 0
1 0
1 0
1 0
1 0
1 0
1 0
1 0
1 0
1 0
1 0
1 0
1 0
1 0
1 0
1 0
1 3.76e-05
1 0.013176
1 0.065856
1 0.076451
1 0.047672
1 0.0040077
1 0
1 0
1 0
1 0
1 0
1 0
1 0
1 0
1 0
1 0
1 0
1 0
1 0
1 0
1 0
1 0
1 0
1 0
1 1.33e-05
1 0.011015
1 0.061007
1 0.070035
1 0.038971
1 0.0025499
1 0
1 0
1 0
1 0
1 0
1 0
1 0
1 0
1 0
1 0
1 0
1 0
1 0
1 0
1 0
1 0
1 0
1 0
1 3.2e-06
1 0.009175
1 0.056533
1 0.062767
1 0.029617
1 0.0015104
1 0
1 0
1 0
1 0
1 0
1 0
1 0
1 0
1 0
1 0
1 0
1 0
1 0
1 0
1 0
1 0
1 0
1 0
1 1.35e-06
1 0.007751
1 0.052723
1 0.055425
1 0.021164
1 0.00072331
1 0
1 0
1 0
1 0
1 0
1 0
1 0
1 0
1 0
1 0
1 0
1 0
1 0
1 0
1 0
1 0
1 0
1 0
1 2.22e-07
1 0.006514
1 0.049123
1 0.048232
1 0.014485
1 0.0003119
1 0
1 0
1 0
1 0
1 0
1 0
1 0
1 0
1 0
1 0
1 0
1 0
1 0
1 0
1 0
1 0
1 0
1 0
1 0
1 0.0053867
1 0.045751
1 0.041267
1 0.0095593
1 0.00012643
1 0
1 0
1 0
1 0
1 0
1 0
1 0
1 0
1 0
1 0
1 0
1 0
1 0
1 0
1 0
1 0
1 0
1 0
1 0
1 0.0042296
1 0.042916
1 0.034715
1 0.0058674
1 4.26e-05
1 0
1 0
1 0
1 0
1 0
1 0
1 0
1 0
1 0
1 0
1 0
1 0
1 0
1 0
1 0
1 0
1 0
1 0
1 0
1 0.0031065
1 0.039868
1 0.029045
1 0.0034237
1 1.57e-05
1 0
1 0
1 0
1 0
1 0
1 0
1 0
1 0
1 0
1 0
1 0
1 0
1 0
1 0
1 0
1 0
1 0
1 0
1 0
1 0.0021063
1 0.036001
1 0.024832
1 0.001784
1 1.77e-06
1 0
1 0
1 0
1 0
1 0
1 0
1 0
1 0
1 0
1 0
1 0
1 0
1 0
1 0
1 0
1 0
1 0
1 0
1 0
1 0.0012139
1 0.03107
1 0.021425
1 0.00091728
1 1.11e-07
1 0
1 0
1 0
1 0
1 0
1 0
1 0
1 0
1 0
1 0
1 0
1 0
1 0
1 0
1 0
1 0
1 0
1 0
1 0
1 0.00063298
1 0.025202
1 0.018189
1 0.00046889
1 0
1 0
1 0
1 0
1 0
1 0
1 0
1 0
1 0
1 0
1 0
1 0
1 0
1 0
1 0
1 0
1 0
1 0
1 0
1 0
1 0.00029835
1 0.018979
1 0.014474
1 0.00022907
1 0
1 0
1 0
1 0
1 0
1 0
1 0
1 0
1 0
1 0
1 0
1 0
1 0
1 0
1 0
1 0
1 0
1 0
1 0
1 0
1 0.00014524
1 0.013122
1 0.010295
1 0.00010768
1 0
1 0
1 0
1 0
1 0
1 0
1 0
1 0
1 0
1 0
1 0
1 0
1 0
1 0
1 0
1 0
1 0
1 0
1 0
1 0
1 6.65e-05
1 0.0081978
1 0.0066005
1 6.51e-05
1 0
1 0
1 0
1 0
1 0
1 0
1 0
1 0
1 0
1 0
1 0
1 0
1 0
1 0
1 0
1 0
1 0
1 0
1 0
1 0
1 3.14e-05
1 0.0047572
1 0.0036803
1 4.65e-05
1 0
1 0
1 0
1 0
1 0
1 0
1 0
1 0
1 0
1 0
1 0
1 0
1 0
1 0
1 0
1 0
1 0
1 0
1 0
1 0
1 1.09e-05
1 0.0025844
1 0.0019951
1 5.01e-05
1 0
1 0
1 0
1 0
1 0
1 0
1 0
1 0
1 0
1 0
1 0
1 0
1 0
1 0
1 0
1 0
1 0
1 0
1 0
1 0
1 3.41e-06
1 0.0013517
1 0.0010875
1 4.66e-05
1 0
1 0
1 0
1 0
1 0
1 0
1 0
1 0
1 0
1 0
1 0
1 0
1 0
1 0
1 0
1 0
1 0
1 0
1 0
1 0
1 4.43e-07
1 0.00071203
1 0.00060804
1 4.08e-05
1 0
1 0
1 0
1 0
1 0
1 0
1 0
1 0
1 0
1 0
1 0
1 0
1 0
1 0
1 0
1 0
1 0
1 0
1 0
1 0
1 1.48e-07
1 0.00036705
1 0.00035915
1 2.94e-05
1 0
1 0
1 0
1 0
1 0
1 0
1 0
1 0
1 0
1 0
1 0
1 0
1 0
1 0
1 0
1 0
1 0
1 0
1 0
1 0
1 0
1 0.00018815
1 0.00019302
1 1.54e-05
1 0
1 0
1 0
1 0
1 0
1 0
1 0
1 0
1 0
1 0
1 0
1 0
1 0
1 0
1 0
1 0
1 0
1 0
1 0
1 0
1 0
1 8.98e-05
1 9.23e-05
1 9.05e-06
1 0
1 0
1 0
1 0
1 0
1 0
1 0
1 0
1 0
1 0
1 0
1 0
1 0
1 0
1 0
1 0
1 0
1 0
1 0
1 0
1 0
1 3.76e-05
1 4.22e-05
1 5.23e-06
1 0
1 0
1 0
1 0
1 0
1 0
1 0
1 0
1 0
1 0
1 0
1 0
1 0
1 0
1 0
1 0
1 0
1 0
1 0
1 0
1 0
1 1.42e-05
1 1.69e-05
1 2.82e-06
1 0
1 0
1 0
1 0
1 0
1 0
1 0
1 0
1 0
1 0
1 0
1 0
1 0
1 0
1 0
1 0
1 0
1 0
1 0
1 0
1 0
1 3.7e-06
1 6.61e-06
1 1.84e-06
1 0
1 0
1 0
1 0
1 0
1 0
1 0
1 0
1 0
1 0
1 0
1 0
1 0
1 0
1 0
1 0
1 0
1 0
1 0
1 0
1 0
1 7.04e-07
1 3.77e-06
1 1.35e-06
1 0
1 0
1 0
1 0
1 0
1 0
1 0
1 0
1 0
1 0
1 0
1 0
1 0
1 0
1 0
1 0
1 0
1 0
1 0
1 0
1 0
1 3.78e-08
1 2.55e-06
1 1.03e-06
1 0
1 0
1 0
1 0
1 0
1 0
1 0
1 0
1 0
1 0
1 0
1 0
1 0
1 0
1 0
1 0
1 0
1 0
1 0
1 0
1 0
1 0
1 1.94e-06
1 4.39e-07
1 0
1 0
1 0
1 0
1 0
1 0
1 0
1 0
1 0
1 0
1 0
1 0
1 0
1 0
1 0
1 0
1 0
1 0
1 0
1 0
1 0
1 0
1 1.02e-06
1 7.56e-08
1 0
1 0
1 0
1 0
1 0
1 0
1 0
1 0
1 0
1 0
1 0
1 0
1 0
1 0
1 0
1 0
1 0
1 0
1 0
1 0
1 0
1 0
1 7.39e-07
1 0
1 0
1 0
1 0
1 0
1 0
1 0
1 0
1 0
1 0
1 0
1 0
1 0
1 0
1 0
1 0
1 0
1 0
1 0
1 0
1 0
1 0
1 0
1 3.32e-07
1 0
1 0
1 0
1 0
1 0
1 0
1 0
1 0
1 0
1 0
1 0
1 0
1 0
1 0
1 0
1 0
1 0
1 0
1 0
1 0
1 0
1 0
1 0
1 7.08e-08
1 0
1 0
1 0
1 0
1 0
1 0
1 0
1 0
1 0
1 0
1 0
1 0
1 0
1 0
1 0
1 0
1 0
1 0
1 0
1 0
1 0
1 0
1 0
1 3.78e-08
1 0
1 0
1 0
1 0
1 0
1 0
1 0
1 0
1 0
1 0
1 0
1 0
1 0
1 0
1 0
1 0
1 0
1 0
1 0
1 0
1 0
1 0
1 0
1 0
1 0
1 0
1 0
1 0
1 0
1 0
1 0
1 0
1 0
1 0
1 0
1 0
1 0
1 0
1 0
1 0
1 0
1 0
1 0
1 0
1 0
1 0
1 0
1 0
1 0
1 0
1 0
1 0
1 0
1 0
1 0
1 0
1 0
1 0
1 0
1 0
1 0
1 0
1 0
1 0
1 0
1 0
1 0
1 0
1 0
1 0
1 0
1 0
1 0
1 0
1 0
1 0
1 0
1 0
1 0
1 0
1 0
1 0
1 0
1 0
1 0
1 0
1 0
1 0
1 0
1 0
1 0
1 0
1 0
1 0
1 0
1 0
1 0
1 0
1 0
1 0
1 0
1 0
1 0
1 0
1 0
1 0
1 0
1 0
1 0
1 0
1 0
1 0
1 0
1 0
1 0
1 0
1 0
1 0
1 0
1 0
1 0
1 0
1 0
1 0
1 0
1 0
1 0
1 0
1 0
1 0
1 0
1 0
1 0
1 0
1 0
1 0
1 0
1 0
1 0
1 0
1 0
1 0
1 0
1 0
1 0
1 0
1 0
1 0
1 0
1 0
1 0
1 0
1 0
1 0
1 0
1 0
1 0
1 0
1 0
1 0
1 0
1 0
1 0
1 0
1 0
1 0
1 0
1 0
1 0
1 0
1 0
1 0
1 0
1 0
1 0
1 0
1 0
1 0
1 0
1 0
1 0
1 0
1 0
1 0
1 0
1 0
1 0
1 0
1 0
1 0
1 0
1 0
1 0
1 0
1 0
1 0
1 0
1 0
1 0
1 0
1 0
1 0
1 0
1 0
1 0
1 0
1 0
1 0
1 0
1 0
1 0
1 0
1 0
1 0
1 0
1 0
1 0
1 0
1 0
1 0
1 0
1 0
1 0
1 0
1 0
1 0
1 0
1 0
1 0
1 0
1 0
1 0
1 0
1 0
1 0
1 0
1 0
1 0
1 0
1 0
1 0
1 0
1 0
1 0
1 0
1 0
1 0
1 0
1 0
1 0
1 0
1 0
1 0
1 0
1 0
1 0
1 0
1 0
1 0
1 0
1 0
1 0
1 0
1 0
1 0
1 0
1 0
1 0
1 0
1 0
1 0
1 0
1 0
1 0
1 0
1 0
1 0
1 0
1 0
1 0
1 0
1 0
1 0
1 0
1 0
1 0
1 0
1 0
1 0
1 0
1 0
1 0
1 0
1 0
1 0
1 0
1 0
1 0
1 0
1 0
1 0
1 0
1 0
1 0
1 0
1 0
1 0
1 0
1 0
1 0
1 0
1 0
1 0
1 0
1 0
1 0
1 0
1 0
1 0
1 0
1 0
1 0
1 0
1 0
1 0
1 0
1 0
1 0
1 0
1 0
1 0
1 0
1 0
1 0
1 0
1 0
1 0
1 0
1 0
1 0
1 0
1 0
1 0
1 0
1 0
1 0
1 0
1 0
1 0
1 0
1 0
1 0
1 0
1 0
1 0
1 0
1 0
1 0
1 0
1 0
1 0
1 0
1 0
1 0
1 0
1 0
1 0
1 0
1 0
1 0
1 0
1 0
1 0
1 0
1 0
1 0
1 0
1 0
1 0
1 0
1 0
1 0
1 0
1 0
1 0
1 0
1 0
1 0
1 0
1 0
1 0
1 0
1 0
1 0
1 0
1 0
1 0
1 0
1 0
1 0
1 0
1 0
1 0
1 0
1 0
1 0
1 0
1 0
1 0
1 0
1 0
1 0
1 0
1 0
1 0
1 0
1 0
1 0
1 0
1 0
1 0
1 0
1 0
1 0
1 0
1 0
1 0
1 0
1 0
1 0
1 0
1 0
1 0
1 0
1 0
1 0
1 0
1 0
1 0
1 0
1 0
1 0
1 0
1 0
1 0
1 0
1 0
1 0
1 0
1 0
1 0
1 0
1 0
1 0
1 0
1 0
1 0
1 0
1 0
1 0
1 0
1 0
1 0
1 0
1 0
1 0
1 0
1 0
1 0
1 0
1 0
1 0
1 0
1 0
1 0
1 0
1 0
1 0
1 0
1 0
1 0
1 0
1 0
1 0
1 0
1 0
1 0
1 0
1 0
1 0
1 0
1 0
1 0
1 0
1 0
1 0
1 0
1 0
1 0
1 0
1 0
1 0
1 0
1 0
1 0
1 0
1 0
1 0
1 0
1 0
1 0
1 0
1 0
1 0
1 0
1 0
1 0
1 0
1 0
1 0
1 0
1 0
1 0
1 0
1 0
1 0
1 0
1 0
1 0
1 0
1 0
1 0
1 0
1 0
1 0
1 0
1 0
1 0
1 0
1 0
1 0
1 0
1 0
1 0
1 0
1 0
1 0
1 0
1 0
1 0
1 0
1 0
1 0
1 0
1 0
1 0
1 0
1 0
1 0
1 0
1 0
1 0
1 0
1 0
1 0
1 0
1 0
1 0
1 0
1 0
1 0
1 0
1 0
1 0
1 0
1 0
1 0
1 0
1 0
1 0
1 0
1 0
1 0
1 0
1 0
1 0
1 0
1 0
1 0
1 0
1 0
1 0
1 0
1 0
1 0
1 0
1 0
1 0
1 0
1 0
1 0
1 0
1 0
1 0
1 0
1 0
1 0
1 0
1 0
1 0
1 0
1 0
1 0
1 0
1 0
1 0
1 0
1 0
1 0
1 0
1 0
1 0
1 0
1 0
1 0
1 0
1 0
1 0
1 0
1 0
1 0
1 0
1 0
1 0
1 0
1 0
1 0
1 0
1 0
1 0
1 0
1 0
1 0
1 0
1 0
1 0
1 0
1 0
1 0
1 0
1 0
1 0
1 0
1 0
1 0
1 0
1 0
1 0
1 0
1 0
1 0
1 0
1 0
1 0
1 0
1 0
1 0
1 0
1 0
1 0
1 0
1 0
1 0
1 0
1 0
1 0
1 0
1 0
1 0
1 0
1 0
1 0
1 0
1 0
1 0
1 0
1 0
1 0
1 0
1 0
1 0
1 0
1 0
1 0
1 0
1 0
1 0
1 0
1 0
1 0
1 0
1 0
1 0
1 0
1 0
1 0
1 0
1 0
1 0
1 0
1 0
1 0
1 0
1 0
1 0
1 0
1 0
1 0
1 0
1 0
1 0
1 0
1 0
1 0
1 0
1 0
1 0
1 0
1 0
1 0
1 0
1 0
1 0
1 0
1 0
1 0
1 0
1 0
1 0
1 0
1 0
1 0
1 0
1 0
1 0
1 0
1 0
1 0
1 0
1 0
1 0
1 0
1 0
1 0
1 0
1 0
1 0
1 0
1 0
1 0
1 0
1 0
1 0
1 0
1 0
1 0
1 0
1 0
1 0
1 0
1 0
1 0
1 0
1 0
1 0
1 0
1 0
1 0
1 0
1 0
1 0
1 0
1 0
1 0
1 0
1 0
1 0
1 0
1 0
1 0
1 0
1 3.39e-08
1 0
1 0
1 0
1 0
1 0
1 0
1 0
1 0
1 0
1 0
1 0
1 0
1 0
1 0
1 0
1 0
1 0
1 0
1 0
1 0
1 0
1 0
1 0
1 1.09e-07
1 0
1 0
1 0
1 0
1 0
1 0
1 0
1 0
1 0
1 0
1 0
1 0
1 0
1 0
1 0
1 0
1 0
1 0
1 0
1 0
1 0
1 0
1 0
1 2.56e-07
1 1.5e-07
1 0
1 0
1 0
1 0
1 0
1 0
1 0
1 0
1 0
1 0
1 0
1 0
1 0
1 0
1 0
1 0
1 0
1 0
1 0
1 0
1 0
1 0
1 2.23e-07
1 5.2e-07
1 0
1 0
1 0
1 0
1 0
1 0
1 0
1 0
1 0
1 0
1 0
1 0
1 0
1 0
1 0
1 0
1 0
1 0
1 0
1 0
1 0
1 0
1 3.71e-07
1 1.11e-06
1 0
1 0
1 0
1 0
1 0
1 0
1 0
1 0
1 0
1 0
1 0
1 0
1 0
1 0
1 0
1 0
1 0
1 0
1 0
1 0
1 0
1 0
1 8.31e-07
1 1.68e-06
1 0
1 0
1 0
1 0
1 0
1 0
1 0
1 0
1 0
1 0
1 0
1 0
1 0
1 0
1 0
1 0
1 0
1 0
1 0
1 0
1 0
1 0
1 9.62e-07
1 2.72e-06
1 0
1 0
1 0
1 0
1 0
1 0
1 0
1 0
1 0
1 0
1 0
1 0
1 0
1 0
1 0
1 0
1 0
1 0
1 0
1 0
1 0
1 0
1 2.11e-06
1 4.08e-06
1 0
1 0
1 0
1 0
1 0
1 0
1 0
1 0
1 0
1 0
1 0
1 0
1 0
1 0
1 0
1 0
1 0
1 0
1 0
1 0
1 0
1 7.23e-08
1 6.77e-06
1 6.5e-06
1 0
1 0
1 0
1 0
1 0
1 0
1 0
1 0
1 0
1 0
1 0
1 0
1 0
1 0
1 0
1 0
1 0
1 0
1 0
1 0
1 0
1 5.37e-07
1 2.47e-05
1 9.96e-06
1 0
1 0
1 0
1 0
1 0
1 0
1 0
1 0
1 0
1 0
1 0
1 0
1 0
1 0
1 0
1 0
1 0
1 0
1 0
1 0
1 0
1 1.87e-06
1 6.98e-05
1 1.81e-05
1 0
1 0
1 0
1 0
1 0
1 0
1 0
1 0
1 0
1 0
1 0
1 0
1 0
1 0
1 0
1 0
1 0
1 0
1 0
1 0
1 0
1 6.54e-06
1 0.00016502
1 3.14e-05
1 0
1 0
1 0
1 0
1 0
1 0
1 0
1 0
1 0
1 0
1 0
1 0
1 0
1 0
1 0
1 0
1 0
1 0
1 0
1 0
1 0
1 2.25e-05
1 0.00034278
1 5.3e-05
1 7.39e-08
1 0
1 0
1 0
1 0
1 0
1 0
1 0
1 0
1 0
1 0
1 0
1 0
1 0
1 0
1 0
1 0
1 0
1 0
1 0
1 0
1 5.2e-05
1 0.00065806
1 9.05e-05
1 1.06e-07
1 0
1 0
1 0
1 0
1 0
1 0
1 0
1 0
1 0
1 0
1 0
1 0
1 0
1 0
1 0
1 0
1 0
1 0
1 0
1 0
1 0.00010534
1 0.0011946
1 0.00012497
1 2.24e-07
1 0
1 0
1 0
1 0
1 0
1 0
1 0
1 0
1 0
1 0
1 0
1 0
1 0
1 0
1 0
1 0
1 0
1 0
1 0
1 0
1 0.00022804
1 0.0022336
1 0.00017341
1 5.12e-07
1 0
1 0
1 0
1 0
1 0
1 0
1 0
1 0
1 0
1 0
1 0
1 0
1 0
1 0
1 0
1 0
1 0
1 0
1 0
1 0
1 0.00044464
1 0.0042821
1 0.00026885
1 7e-07
1 0
1 0
1 0
1 0
1 0
1 0
1 0
1 0
1 0
1 0
1 0
1 0
1 0
1 0
1 0
1 0
1 0
1 0
1 0
1 0
1 0.00084793
1 0.0077841
1 0.00048765
1 1.45e-06
1 0
1 0
1 0
1 0
1 0
1 0
1 0
1 0
1 0
1 0
1 0
1 0
1 0
1 0
1 0
1 0
1 0
1 0
1 0
1 0
1 0.0016538
1 0.013431
1 0.00087473
1 4.02e-06
1 0
1 0
1 0
1 0
1 0
1 0
1 0
1 0
1 0
1 0
1 0
1 0
1 0
1 0
1 0
1 0
1 0
1 0
1 0
1 0
1 0.0030182
1 0.020524
1 0.0015862
1 5.93e-06
1 0
1 0
1 0
1 0
1 0
1 0
1 0
1 0
1 0
1 0
1 0
1 0
1 0
1 0
1 0
1 0
1 0
1 0
1 0
1 2.22e-07
1 0.0050828
1 0.02773
1 0.0026241
1 7.95e-06
1 0
1 0
1 0
1 0
1 0
1 0
1 0
1 0
1 0
1 0
1 0
1 0
1 0
1 0
1 0
1 0
1 0
1 0
1 0
1 1.71e-06
1 0.0080916
1 0.03389
1 0.0040831
1 1.93e-05
1 0
1 0
1 0
1 0
1 0
1 0
1 0
1 0
1 0
1 0
1 0
1 0
1 0
1 0
1 0
1 0
1 0
1 0
1 0
1 5.01e-06
1 0.011718
1 0.038579
1 0.0059939
1 4.45e-05
1 0
1 0
1 0
1 0
1 0
1 0
1 0
1 0
1 0
1 0
1 0
1 0
1 0
1 0
1 0
1 0
1 0
1 0
1 0
1 1.63e-05
1 0.015338
1 0.042522
1 0.008681
1 0.00012215
1 0
1 0
1 0
1 0
1 0
1 0
1 0
1 0
1 0
1 0
1 0
1 0
1 0
1 0
1 0
1 0
1 0
1 0
1 0
1 3.57e-05
1 0.018503
1 0.046494
1 0.01258
1 0.00033452
1 0
1 0
1 0
1 0
1 0
1 0
1 0
1 0
1 0
1 0
1 0
1 0
1 0
1 0
1 0
1 0
1 0
1 0
1 0
1 7.88e-05
1 0.021177
1 0.050863
1 0.018048
1 0.00082981
1 0
1 0
1 0
1 0
1 0
1 0
1 0
1 0
1 0
1 0
1 0
1 0
1 0
1 0
1 0
1 0
1 0
1 0
1 0
1 0.00017122
1 0.023698
1 0.055046
1 0.025392
1 0.0018534
1 0
1 0
1 0
1 0
1 0
1 0
1 0
1 0
1 0
1 0
1 0
1 0
1 0
1 0
1 0
1 0
1 0
1 0
1 0
1 0.0003391
1 0.026392
1 0.059206
1 0.033747
1 0.0040094
1 0
1 0
1 0
1 0
1 0
1 0
1 0
1 0
1 0
1 0
1 0
1 0
1 0
1 0
1 0
1 0
1 0
1 0
1 0
1 0.00064543
1 0.02892
1 0.064016
1 0.042712
1 0.0076651
1 0
1 0
1 0
1 0
1 0
1 0
1 0
1 0
1 0
1 0
1 0
1 0
1 0
1 0
1 0
1 0
1 0
1 0
1 0
1 0.0010722
1 0.03156
1 0.069301
1 0.051759
1 0.013123
1 6.65e-07
1 0
1 0
1 0
1 0
1 0
1 0
1 0
1 0
1 0
1 0
1 0
1 0
1 0
1 0
1 0
1 0
1 0
1 0
1 0.0015814
1 0.035073
1 0.074454
1 0.060315
1 0.01964
1 6.22e-06
1 0
1 0
1 0
1 0
1 0
1 0
1 0
1 0
1 0
1 0
1 0
1 0
1 0
1 0
1 0
1 0
1 0
1 0
1 0.0021251
1 0.039544
1 0.078762
1 0.067581
1 0.025946
1 2.75e-05
1 0
1 0
1 0
1 0
1 0
1 0
1 0
1 0
1 0
1 0
1 0
1 0
1 0
1 0
1 0
1 0
1 0
1 2.27e-07
1 0.0027182
1 0.043857
1 0.082379
1 0.07341
1 0.031648
1 8.84e-05
1 0
1 0
1 0
1 0
1 0
1 0
1 0
1 0
1 0
1 0
1 0
1 0
1 0
1 0
1 0
1 0
1 0
1 1.08e-06
1 0.0032843
1 0.047844
1 0.086078
1 0.078671
1 0.036798
1 0.00022954
1 0
1 0
1 0
1 0
1 0
1 0
1 0
1 0
1 0
1 0
1 0
1 0
1 0
1 0
1 0
1 0
1 0
1 2.66e-06
1 0.0041073
1 0.051356
1 0.09018
1 0.08451
1 0.041453
1 0.00058013
1 0
1 0
1 0
1 0
1 0
1 0
1 0
1 0
1 0
1 0
1 0
1 0
1 0
1 0
1 0
1 0
1 0
1 7.38e-06
1 0.0051602
1 0.054559
1 0.094788
1 0.089329
1 0.04612
1 0.0012654
1 0
1 0
1 0
1 0
1 0
1 0
1 0
1 0
1 0
1 0
1 0
1 0
1 0
1 0
1 0
1 0
1 0
1 2.43e-05
1 0.006732
1 0.058725
1 0.099467
1 0.092652
1 0.051371
1 0.0023656
1 0
1 0
1 0
1 0
1 0
1 0
1 0
1 0
1 0
1 0
1 0
1 0
1 0
1 0
1 0
1 0
1 0
1 5.15e-05
1 0.0088325
1 0.063801
1 0.10338
1 0.096183
1 0.057236
1 0.0042395
1 0
1 0
1 0
1 0
1 0
1 0
1 0
1 0
1 0
1 0
1 0
1 0
1 0
1 0
1 0
1 0
1 0
1 9.44e-05
1 0.011213
1 0.070275
1 0.10639
1 0.09993
1 0.063692
1 0.0069471
1 0
1 0
1 0
1 0
1 0
1 0
1 0
1 0
1 0
1 0
1 0
1 0
1 0
1 0
1 0
1 0
1 0
1 0.00015994
1 0.013893
1 0.077842
1 0.10915
1 0.10456
1 0.07136
1 0.010543
1 0
1 0
1 0
1 0
1 0
1 0
1 0
1 0
1 0
1 0
1 0
1 0
1 0
1 0
1 0
1 0
1 0
1 0.00028642
1 0.017096
1 0.085483
1 0.11359
1 0.11
1 0.0792
1 0.015073
1 7.39e-08
1 0
1 0
1 0
1 0
1 0
1 0
1 0
1 0
1 0
1 0
1 0
1 0
1 0
1 0
1 0
1 0
1 0.00048985
1 0.020736
1 0.093415
1 0.11822
1 0.11517
1 0.086487
1 0.02022
1 1.75e-06
1 0
1 0
1 0
1 0
1 0
1 0
1 0
1 0
1 0
1 0
1 0
1 0
1 0
1 0
1 0
1 0
1 0.00088439
1 0.025023
1 0.1024
1 0.12304
1 0.12047
1 0.093836
1 0.026111
1 4.66e-06
1 0
1 0
1 0
1 0
1 0
1 0
1 0
1 0
1 0
1 0
1 0
1 0
1 0
1 0
1 0
1 0
1 0.0015187
1 0.03001
1 0.11174
1 0.12912
1 0.12622
1 0.10094
1 0.032227
1 1.11e-05
1 0
1 0
1 0
1 0
1 0
1 0
1 0
1 0
1 0
1 0
1 0
1 0
1 0
1 0
1 0
1 0
1 0.0023079
1 0.035483
1 0.11901
1 0.13621
1 0.13292
1 0.10765
1 0.038589
1 3.45e-05
1 0
1 0
1 0
1 0
1 0
1 0
1 0
1 0
1 0
1 0
1 0
1 0
1 0
1 0
1 0
1 0
1 0.0032536
1 0.041176
1 0.12427
1 0.14357
1 0.13879
1 0.11524
1 0.045425
1 8.8e-05
1 0
1 0
1 0
1 0
1 0
1 0
1 0
1 0
1 0
1 0
1 0
1 0
1 0
1 0
1 0
1 0
1 0.0045901
1 0.048643
1 0.13045
1 0.14978
1 0.14329
1 0.12315
1 0.052361
1 0.00013862
1 0
1 0
1 0
1 0
1 0
1 0
1 0
1 0
1 0
1 0
1 0
1 0
1 0
1 0
1 0
1 0
1 0.0065354
1 0.058814
1 0.14036
1 0.1538
1 0.15027
1 0.13056
1 0.05937
1 0.00031708
1 0
1 0
1 0
1 0
1 0
1 0
1 0
1 0
1 0
1 0
1 0
1 0
1 0
1 0
1 0
1 8.08e-07
1 0.0095697
1 0.069964
1 0.15128
1 0.16028
1 0.15882
1 0.1366
1 0.066041
1 0.00062167
1 0
1 0
1 0
1 0
1 0
1 0
1 0
1 0
1 0
1 0
1 0
1 0
1 0
1 0
1 0
1 9.71e-06
1 0.013577
1 0.082242
1 0.15962
1 0.17168
1 0.16746
1 0.14322
1 0.072032
1 0.0012046
1 0
1 0
1 0
1 0
1 0
1 0
1 0
1 0
1 0
1 0
1 0
1 0
1 0
1 0
1 0
1 4.39e-05
1 0.018408
1 0.096201
1 0.16748
1 0.18516
1 0.17602
1 0.15162
1 0.077979
1 0.0022106
1 0
1 0
1 0
1 0
1 0
1 0
1 0
1 0
1 0
1 0
1 0
1 0
1 0
1 0
1 0
1 0.00014298
1 0.023844
1 0.11046
1 0.1766
1 0.19669
1 0.18398
1 0.15994
1 0.084293
1 0.0036465
1 0
1 0
1 0
1 0
1 0
1 0
1 0
1 0
1 0
1 0
1 0
1 0
1 0
1 0
1 0
1 0.00043037
1 0.029977
1 0.1233
1 0.18694
1 0.20762
1 0.19332
1 0.16837
1 0.091114
1 0.0057098
1 0
1 0
1 0
1 0
1 0
1 0
1 0
1 0
1 0
1 0
1 0
1 0
1 0
1 0
1 0
1 0.0010605
1 0.037475
1 0.13446
1 0.19694
1 0.21846
1 0.20369
1 0.17765
1 0.098255
1 0.0083461
1 5.91e-07
1 0
1 0
1 0
1 0
1 0
1 0
1 0
1 0
1 0
1 0
1 0
1 0
1 0
1 0
1 0.0021731
1 0.046187
1 0.14593
1 0.20613
1 0.22868
1 0.21314
1 0.18639
1 0.1055
1 0.011322
1 1.26e-06
1 0
1 0
1 0
1 0
1 0
1 0
1 0
1 0
1 0
1 0
1 0
1 0
1 0
1 0
1 0.003597
1 0.056389
1 0.15952
1 0.21658
1 0.23769
1 0.22076
1 0.19525
1 0.11316
1 0.014831
1 3.09e-06
1 0
1 0
1 0
1 0
1 0
1 0
1 0
1 0
1 0
1 0
1 0
1 0
1 0
1 0
1 0.0055546
1 0.068074
1 0.1726
1 0.22583
1 0.24654
1 0.227
1 0.20346
1 0.12166
1 0.018885
1 5.93e-06
1 0
1 0
1 0
1 0
1 0
1 0
1 0
1 0
1 0
1 0
1 0
1 0
1 0
1 0
1 0.007988
1 0.080256
1 0.18519
1 0.23467
1 0.25374
1 0.23325
1 0.20993
1 0.13138
1 0.023766
1 1.62e-05
1 0
1 0
1 0
1 0
1 0
1 0
1 0
1 0
1 0
1 0
1 0
1 0
1 0
1 0
1 0.011347
1 0.092532
1 0.1975
1 0.24441
1 0.26079
1 0.24057
1 0.21694
1 0.14163
1 0.029044
1 4.06e-05
1 0
1 0
1 0
1 0
1 0
1 0
1 0
1 0
1 0
1 0
1 0
1 0
1 0
1 0
1 0.016283
1 0.10561
1 0.20817
1 0.25252
1 0.26847
1 0.25028
1 0.22357
1 0.15276
1 0.034134
1 6.4e-05
1 0
1 0
1 0
1 0
1 0
1 0
1 0
1 0
1 0
1 0
1 0
1 0
1 0
1 7.78e-07
1 0.022552
1 0.1203
1 0.21723
1 0.25942
1 0.2772
1 0.26132
1 0.23013
1 0.16466
1 0.039567
1 9.92e-05
1 0
1 0
1 0
1 0
1 0
1 0
1 0
1 0
1 0
1 0
1 0
1 0
1 0
1 1.89e-06
1 0.03052
1 0.13548
1 0.22608
1 0.2675
1 0.28583
1 0.27245
1 0.23715
1 0.17441
1 0.046559
1 0.0001995
1 0
1 0
1 0
1 0
1 0
1 0
1 0
1 0
1 0
1 0
1 0
1 0
1 0
1 4.97e-06
1 0.039918
1 0.14957
1 0.23633
1 0.27695
1 0.29401
1 0.28383
1 0.24472
1 0.18409
1 0.054617
1 0.00032058
1 0
1 0
1 0
1 0
1 0
1 0
1 0
1 0
1 0
1 0
1 0
1 0
1 0
1 6.98e-06
1 0.050244
1 0.16337
1 0.24594
1 0.28894
1 0.30387
1 0.294
1 0.25153
1 0.19383
1 0.063271
1 0.00049422
1 0
1 0
1 0
1 0
1 0
1 0
1 0
1 0
1 0
1 0
1 0
1 0
1 0
1 1.57e-05
1 0.06024
1 0.1779
1 0.25617
1 0.29891
1 0.31466
1 0.3028
1 0.25718
1 0.2031
1 0.07195
1 0.0010122
1 0
1 0
1 0
1 0
1 0
1 0
1 0
1 0
1 0
1 0
1 0
1 0
1 0
1 2.77e-05
1 0.069794
1 0.19386
1 0.26764
1 0.30729
1 0.32232
1 0.30976
1 0.26455
1 0.2131
1 0.080984
1 0.0018893
1 0
1 0
1 0
1 0
1 0
1 0
1 0
1 0
1 0
1 0
1 0
1 0
1 0
1 6.38e-05
1 0.079187
1 0.20874
1 0.27711
1 0.31741
1 0.32849
1 0.31799
1 0.27347
1 0.22284
1 0.090872
1 0.0031124
1 0
1 0
1 0
1 0
1 0
1 0
1 0
1 0
1 0
1 0
1 0
1 0
1 0
1 0.00015826
1 0.088479
1 0.22323
1 0.28745
1 0.32821
1 0.33725
1 0.32659
1 0.28264
1 0.23342
1 0.10198
1 0.0049542
1 0
1 0
1 0
1 0
1 0
1 0
1 0
1 0
1 0
1 0
1 0
1 0
1 0
1 0.0003592
1 0.098386
1 0.23789
1 0.29845
1 0.33818
1 0.34382
1 0.33309
1 0.29145
1 0.2438
1 0.11247
1 0.0078118
1 0
1 0
1 0
1 0
1 0
1 0
1 0
1 0
1 0
1 0
1 0
1 0
1 0
1 0.00072127
1 0.1087
1 0.25369
1 0.30888
1 0.35124
1 0.34924
1 0.33946
1 0.30058
1 0.25439
1 0.12238
1 0.011829
1 0
1 0
1 0
1 0
1 0
1 0
1 0
1 0
1 0
1 0
1 0
1 0
1 0
1 0.0014599
1 0.11935
1 0.26972
1 0.31987
1 0.36173
1 0.35741
1 0.34721
1 0.30889
1 0.26551
1 0.13144
1 0.016493
1 0
1 0
1 0
1 0
1 0
1 0
1 0
1 0
1 0
1 0
1 0
1 0
1 0
1 0.0025718
1 0.12938
1 0.28412
1 0.33277
1 0.37408
1 0.3662
1 0.35524
1 0.31518
1 0.27652
1 0.14049
1 0.02138
1 5.76e-07
1 0
1 0
1 0
1 0
1 0
1 0
1 0
1 0
1 0
1 0
1 0
1 0
1 0.0040593
1 0.1391
1 0.29633
1 0.34161
1 0.38677
1 0.3749
1 0.36304
1 0.32346
1 0.28826
1 0.151
1 0.026702
1 2e-06
1 0
1 0
1 0
1 0
1 0
1 0
1 0
1 0
1 0
1 0
1 0
1 0
1 0.0058714
1 0.148
1 0.30924
1 0.34941
1 0.39754
1 0.38125
1 0.37074
1 0.33196
1 0.30077
1 0.1629
1 0.032915
1 9.17e-06
1 0
1 0
1 0
1 0
1 0
1 0
1 0
1 0
1 0
1 0
1 0
1 0
1 0.0083986
1 0.1566
1 0.32498
1 0.35806
1 0.40802
1 0.38833
1 0.37827
1 0.33869
1 0.31067
1 0.17685
1 0.039578
1 2.75e-05
1 0
1 0
1 0
1 0
1 0
1 0
1 0
1 0
1 0
1 0
1 0
1 0
1 0.011905
1 0.16581
1 0.33965
1 0.3652
1 0.41345
1 0.39494
1 0.38716
1 0.34708
1 0.32071
1 0.19026
1 0.047013
1 6.75e-05
1 0
1 0
1 0
1 0
1 0
1 0
1 0
1 0
1 0
1 0
1 0
1 0
1 0.016271
1 0.17615
1 0.35372
1 0.37252
1 0.41864
1 0.40242
1 0.39635
1 0.35343
1 0.32984
1 0.20194
1 0.05463
1 0.00016616
1 0
1 0
1 0
1 0
1 0
1 0
1 0
1 0
1 0
1 0
1 0
1 2.83e-07
1 0.021104
1 0.18769
1 0.3675
1 0.38122
1 0.42692
1 0.40948
1 0.40356
1 0.35791
1 0.33752
1 0.21362
1 0.06253
1 0.0004238
1 0
1 0
1 0
1 0
1 0
1 0
1 0
1 0
1 0
1 0
1 0
1 7.78e-07
1 0.027405
1 0.19811
1 0.37938
1 0.38843
1 0.43623
1 0.4181
1 0.40931
1 0.36261
1 0.34503
1 0.22487
1 0.070722
1 0.00077536
1 0
1 0
1 0
1 0
1 0
1 0
1 0
1 0
1 0
1 0
1 0
1 5.03e-06
1 0.034654
1 0.20811
1 0.392
1 0.39518
1 0.4449
1 0.42461
1 0.41453
1 0.37075
1 0.35501
1 0.23865
1 0.07925
1 0.0012656
1 0
1 0
1 0
1 0
1 0
1 0
1 0
1 0
1 0
1 0
1 0
1 1.61e-05
1 0.041433
1 0.21868
1 0.40682
1 0.4046
1 0.45096
1 0.43178
1 0.42029
1 0.37841
1 0.36374
1 0.25126
1 0.088324
1 0.001988
1 0
1 0
1 0
1 0
1 0
1 0
1 0
1 0
1 0
1 0
1 0
1 4.2e-05
1 0.047681
1 0.22998
1 0.42094
1 0.41324
1 0.45954
1 0.44069
1 0.42547
1 0.38527
1 0.36847
1 0.26191
1 0.097468
1 0.0032015
1 0
1 0
1 0
1 0
1 0
1 0
1 0
1 0
1 0
1 0
1 0
1 0.00012284
1 0.054093
1 0.24231
1 0.43105
1 0.42146
1 0.4663
1 0.44798
1 0.43152
1 0.39105
1 0.37257
1 0.27407
1 0.10724
1 0.0049034
1 0
1 0
1 0
1 0
1 0
1 0
1 0
1 0
1 0
1 0
1 0
1 0.00028603
1 0.061488
1 0.25485
1 0.43838
1 0.42661
1 0.47064
1 0.45121
1 0.43795
1 0.39685
1 0.3794
1 0.28427
1 0.11745
1 0.0068858
1 0
1 0
1 0
1 0
1 0
1 0
1 0
1 0
1 0
1 0
1 0
1 0.00059664
1 0.068851
1 0.26595
1 0.4479
1 0.43265
1 0.47587
1 0.45663
1 0.44664
1 0.40425
1 0.38805
1 0.29365
1 0.1279
1 0.0095583
1 0
1 0
1 0
1 0
1 0
1 0
1 0
1 0
1 0
1 0
1 0
1 0.0012074
1 0.076907
1 0.27782
1 0.45932
1 0.44294
1 0.4833
1 0.46438
1 0.45521
1 0.41305
1 0.39715
1 0.30157
1 0.13916
1 0.012744
1 0
1 0
1 0
1 0
1 0
1 0
1 0
1 0
1 0
1 0
1 0
1 0.0022634
1 0.084945
1 0.28941
1 0.46987
1 0.45283
1 0.48916
1 0.47393
1 0.46158
1 0.42252
1 0.40613
1 0.30788
1 0.14859
1 0.016721
1 0
1 0
1 0
1 0
1 0
1 0
1 0
1 0
1 0
1 0
1 0
1 0.0039201
1 0.093154
1 0.30032
1 0.47683
1 0.46009
1 0.49545
1 0.48091
1 0.46712
1 0.4304
1 0.4143
1 0.31624
1 0.15757
1 0.021305
1 6.41e-07
1 0
1 0
1 0
1 0
1 0
1 0
1 0
1 0
1 0
1 0
1 0.0063206
1 0.10299
1 0.31153
1 0.48185
1 0.46491
1 0.50343
1 0.48684
1 0.47041
1 0.43975
1 0.42122
1 0.32551
1 0.16906
1 0.026904
1 2.71e-06
1 0
1 0
1 0
1 0
1 0
1 0
1 0
1 0
1 0
1 0
1 0.0092448
1 0.11296
1 0.32406
1 0.48994
1 0.47197
1 0.50751
1 0.4911
1 0.47284
1 0.44977
1 0.42758
1 0.33471
1 0.18054
1 0.033232
1 9.08e-06
1 0
1 0
1 0
1 0
1 0
1 0
1 0
1 0
1 0
1 0
1 0.012414
1 0.12286
1 0.33531
1 0.50003
1 0.48077
1 0.50973
1 0.49527
1 0.47469
1 0.45708
1 0.43341
1 0.3424
1 0.19021
1 0.039457
1 3.46e-05
1 0
1 0
1 0
1 0
1 0
1 0
1 0
1 0
1 0
1 0
1 0.01571
1 0.133
1 0.34509
1 0.50838
1 0.48795
1 0.51203
1 0.50138
1 0.48087
1 0.46271
1 0.43856
1 0.35046
1 0.19886
1 0.046362
1 8.57e-05
1 0
1 0
1 0
1 0
1 0
1 0
1 0
1 0
1 0
1 0
1 0.018856
1 0.14343
1 0.35334
1 0.5179
1 0.49219
1 0.51556
1 0.50765
1 0.48475
1 0.46838
1 0.44271
1 0.35687
1 0.20674
1 0.054534
1 0.00019194
1 0
1 0
1 0
1 0
1 0
1 0
1 0
1 0
1 0
1 7.43e-07
1 0.022457
1 0.15427
1 0.36151
1 0.52397
1 0.49477
1 0.51955
1 0.51216
1 0.48444
1 0.47476
1 0.44658
1 0.36398
1 0.21666
1 0.062851
1 0.00043908
1 0
1 0
1 0
1 0
1 0
1 0
1 0
1 0
1 0
1 1.55e-06
1 0.026989
1 0.16529
1 0.36908
1 0.52898
1 0.50012
1 0.52193
1 0.51759
1 0.48386
1 0.48016
1 0.45165
1 0.37237
1 0.22567
1 0.072522
1 0.00096033
1 0
1 0
1 0
1 0
1 0
1 0
1 0
1 0
1 0
1 4.5e-06
1 0.032587
1 0.17666
1 0.37609
1 0.53594
1 0.50972
1 0.52439
1 0.52326
1 0.48539
1 0.48616
1 0.45858
1 0.37933
1 0.23488
1 0.082017
1 0.0016491
1 0
1 0
1 0
1 0
1 0
1 0
1 0
1 0
1 0
1 9.36e-06
1 0.038745
1 0.18892
1 0.38361
1 0.54171
1 0.51668
1 0.52798
1 0.52586
1 0.48752
1 0.49259
1 0.46592
1 0.38594
1 0.24328
1 0.090433
1 0.0025126
1 0
1 0
1 0
1 0
1 0
1 0
1 0
1 0
1 0
1 1.68e-05
1 0.04583
1 0.20096
1 0.39141
1 0.54861
1 0.52106
1 0.5333
1 0.52942
1 0.49026
1 0.49807
1 0.47234
1 0.39353
1 0.25409
1 0.099566
1 0.0036557
1 0
1 0
1 0
1 0
1 0
1 0
1 0
1 0
1 0
1 2.28e-05
1 0.053965
1 0.21191
1 0.39906
1 0.55292
1 0.52598
1 0.53971
1 0.53232
1 0.49549
1 0.5036
1 0.47687
1 0.40234
1 0.26628
1 0.10815
1 0.0050887
1 0
1 0
1 0
1 0
1 0
1 0
1 0
1 0
1 0
1 3.39e-05
1 0.062353
1 0.22177
1 0.40588
1 0.55482
1 0.52941
1 0.54257
1 0.53475
1 0.50067
1 0.50736
1 0.48056
1 0.41159
1 0.27638
1 0.11661
1 0.006949
1 0
1 0
1 0
1 0
1 0
1 0
1 0
1 0
1 0
1 7.08e-05
1 0.071204
1 0.23122
1 0.41423
1 0.55898
1 0.53325
1 0.54445
1 0.53797
1 0.50465
1 0.5117
1 0.48668
1 0.41878
1 0.28519
1 0.12641
1 0.0090041
1 0
1 0
1 0
1 0
1 0
1 0
1 0
1 0
1 0
1 0.00015629
1 0.080751
1 0.24051
1 0.42349
1 0.56344
1 0.53812
1 0.54571
1 0.5418
1 0.50911
1 0.51589
1 0.49293
1 0.42683
1 0.29586
1 0.13768
1 0.011091
1 0
1 0
1 0
1 0
1 0
1 0
1 0
1 0
1 0
1 0.0003404
1 0.091345
1 0.25082
1 0.43127
1 0.56754
1 0.54223
1 0.54705
1 0.54563
1 0.51494
1 0.52048
1 0.49721
1 0.43623
1 0.30753
1 0.14752
1 0.013397
1 0
1 0
1 0
1 0
1 0
1 0
1 0
1 0
1 0
1 0.00059284
1 0.10245
1 0.26219
1 0.43768
1 0.5735
1 0.54626
1 0.55033
1 0.5505
1 0.52253
1 0.5245
1 0.50159
1 0.44524
1 0.31655
1 0.1566
1 0.015654
1 0
1 0
1 0
1 0
1 0
1 0
1 0
1 0
1 0
1 0.00094522
1 0.11407
1 0.27271
1 0.44368
1 0.57883
1 0.54799
1 0.55419
1 0.55466
1 0.52742
1 0.52865
1 0.50702
1 0.45222
1 0.32092
1 0.16557
1 0.018044
1 0
1 0
1 0
1 0
1 0
1 0
1 0
1 0
1 0
1 0.0015343
1 0.12484
1 0.28236
1 0.44918
1 0.58272
1 0.54962
1 0.55783
1 0.55786
1 0.5307
1 0.5337
1 0.51238
1 0.45856
1 0.3256
1 0.17407
1 0.02075
1 0
1 0
1 0
1 0
1 0
1 0
1 0
1 0
1 0
1 0.0024813
1 0.13443
1 0.29169
1 0.45417
1 0.58608
1 0.55022
1 0.56034
1 0.56091
1 0.53497
1 0.5393
1 0.51846
1 0.46564
1 0.33176
1 0.18402
1 0.023931
1 0
1 0
1 0
1 0
1 0
1 0
1 0
1 0
1 0
1 0.0037595
1 0.14548
1 0.29902
1 0.46038
1 0.58909
1 0.55277
1 0.56249
1 0.56129
1 0.53906
1 0.54476
1 0.52397
1 0.47061
1 0.34142
1 0.19123
1 0.027025
1 2.83e-07
1 0
1 0
1 0
1 0
1 0
1 0
1 0
1 0
1 0.0054582
1 0.1576
1 0.3064
1 0.46921
1 0.59348
1 0.55883
1 0.56432
1 0.56088
1 0.54242
1 0.54855
1 0.52734
1 0.47483
1 0.35266
1 0.19743
1 0.030434
1 1.59e-06
1 0
1 0
1 0
1 0
1 0
1 0
1 0
1 0
1 0.0077595
1 0.16875
1 0.31546
1 0.47628
1 0.60024
1 0.56681
1 0.56707
1 0.56122
1 0.5442
1 0.55201
1 0.53181
1 0.48093
1 0.3615
1 0.204
1 0.03522
1 3.3e-06
1 0
1 0
1 0
1 0
1 0
1 0
1 0
1 0
1 0.010849
1 0.18028
1 0.32473
1 0.48139
1 0.60702
1 0.57193
1 0.56834
1 0.5633
1 0.54612
1 0.55452
1 0.5375
1 0.48588
1 0.36995
1 0.21129
1 0.041297
1 1.14e-05
1 0
1 0
1 0
1 0
1 0
1 0
1 0
1 0
1 0.014306
1 0.19216
1 0.3336
1 0.48683
1 0.61311
1 0.57402
1 0.57037
1 0.56741
1 0.5495
1 0.55687
1 0.543
1 0.48937
1 0.37721
1 0.21963
1 0.048231
1 3.09e-05
1 0
1 0
1 0
1 0
1 0
1 0
1 0
1 0
1 0.017802
1 0.20228
1 0.34013
1 0.49235
1 0.61898
1 0.57817
1 0.57271
1 0.57246
1 0.55412
1 0.56067
1 0.54826
1 0.49481
1 0.38465
1 0.22832
1 0.05527
1 8.11e-05
1 0
1 0
1 0
1 0
1 0
1 0
1 0
1 2.1e-07
1 0.021484
1 0.21098
1 0.34542
1 0.49726
1 0.62223
1 0.58507
1 0.57531
1 0.57848
1 0.55828
1 0.56414
1 0.55222
1 0.5021
1 0.39299
1 0.23648
1 0.062836
1 0.0001977
1 0
1 0
1 0
1 0
1 0
1 0
1 0
1 6.6e-07
1 0.025292
1 0.21995
1 0.35324
1 0.50175
1 0.62408
1 0.59113
1 0.57896
1 0.5833
1 0.56182
1 0.56557
1 0.55475
1 0.50643
1 0.40078
1 0.24374
1 0.070375
1 0.0004389
1 0
1 0
1 0
1 0
1 0
1 0
1 0
1 2.78e-06
1 0.029153
1 0.22867
1 0.36173
1 0.50566
1 0.62658
1 0.59649
1 0.58124
1 0.58676
1 0.565
1 0.56693
1 0.55592
1 0.51013
1 0.40761
1 0.24866
1 0.077013
1 0.0008344
1 0
1 0
1 0
1 0
1 0
1 0
1 0
1 6.29e-06
1 0.033568
1 0.23631
1 0.36878
1 0.50901
1 0.62991
1 0.60025
1 0.58293
1 0.59072
1 0.56601
1 0.57064
1 0.55722
1 0.51385
1 0.4124
1 0.25488
1 0.083452
1 0.0014661
1 0
1 0
1 0
1 0
1 0
1 0
1 0
1 1.76e-05
1 0.038972
1 0.24498
1 0.3744
1 0.51243
1 0.63343
1 0.60462
1 0.58521
1 0.59225
1 0.56769
1 0.57453
1 0.55921
1 0.51608
1 0.41648
1 0.26134
1 0.090169
1 0.0023201
1 0
1 0
1 0
1 0
1 0
1 0
1 0
1 4.24e-05
1 0.044915
1 0.25451
1 0.38044
1 0.51567
1 0.63564
1 0.60845
1 0.58672
1 0.59319
1 0.57076
1 0.57814
1 0.56181
1 0.51786
1 0.42135
1 0.26835
1 0.097627
1 0.0035617
1 0
1 0
1 0
1 0
1 0
1 0
1 0
1 7.77e-05
1 0.050911
1 0.26299
1 0.38656
1 0.51926
1 0.63722
1 0.61098
1 0.58762
1 0.59417
1 0.57287
1 0.58261
1 0.56482
1 0.51934
1 0.42637
1 0.27615
1 0.10589
1 0.0053177
1 0
1 0
1 0
1 0
1 0
1 0
1 0
1 0.00016258
1 0.05673
1 0.26954
1 0.39065
1 0.52178
1 0.63963
1 0.61305
1 0.58946
1 0.59586
1 0.57585
1 0.58759
1 0.56835
1 0.52096
1 0.43029
1 0.2835
1 0.11502
1 0.0077264
1 0
1 0
1 0
1 0
1 0
1 0
1 0
1 0.0002558
1 0.062564
1 0.27531
1 0.39371
1 0.52447
1 0.64178
1 0.61414
1 0.59063
1 0.5969
1 0.58011
1 0.59167
1 0.57169
1 0.52275
1 0.43267
1 0.29094
1 0.12439
1 0.010585
1 0
1 0
1 0
1 0
1 0
1 0
1 0
1 0.00039977
1 0.068562
1 0.28172
1 0.3984
1 0.52711
1 0.64359
1 0.61682
1 0.59161
1 0.59867
1 0.58408
1 0.59489
1 0.5756
1 0.52482
1 0.43548
1 0.29863
1 0.13295
1 0.014122
1 1.42e-07
1 0
1 0
1 0
1 0
1 0
1 1.48e-07
1 0.00065738
1 0.075168
1 0.28906
1 0.40378
1 0.52951
1 0.64493
1 0.61987
1 0.5931
1 0.60089
1 0.5872
1 0.59671
1 0.57999
1 0.52708
1 0.44022
1 0.30635
1 0.1414
1 0.017991
1 6.88e-07
1 0
1 0
1 0
1 0
1 0
1 1.48e-07
1 0.0010852
1 0.082805
1 0.29697
1 0.40839
1 0.53175
1 0.6455
1 0.6212
1 0.59475
1 0.60193
1 0.58934
1 0.59761
1 0.58379
1 0.5284
1 0.44544
1 0.3136
1 0.15057
1 0.022017
1 1.81e-06
1 0
1 0
1 0
1 0
1 0
1 2.22e-07
1 0.0017659
1 0.091074
1 0.30516
1 0.41173
1 0.53373
1 0.64641
1 0.62214
1 0.59758
1 0.60301
1 0.59083
1 0.59843
1 0.58677
1 0.5288
1 0.44892
1 0.32097
1 0.15913
1 0.026048
1 5.74e-06
1 0
1 0
1 0
1 0
1 0
1 6.97e-07
1 0.0025854
1 0.099035
1 0.31335
1 0.41404
1 0.5357
1 0.64898
1 0.62384
1 0.60223
1 0.60505
1 0.59215
1 0.59931
1 0.58961
1 0.53035
1 0.45157
1 0.32816
1 0.16744
1 0.030183
1 1.08e-05
1 0
1 0
1 0
1 0
1 0
1 1.01e-06
1 0.0034322
1 0.1068
1 0.32121
1 0.41744
1 0.53782
1 0.65193
1 0.6258
1 0.60638
1 0.60603
1 0.59367
1 0.60059
1 0.59174
1 0.53397
1 0.45469
1 0.33563
1 0.17527
1 0.034407
1 2.58e-05
1 0
1 0
1 0
1 0
1 0
1 3.41e-06
1 0.0043457
1 0.11407
1 0.32827
1 0.42302
1 0.54032
1 0.65346
1 0.62792
1 0.60971
1 0.60702
1 0.59511
1 0.60205
1 0.5926
1 0.53768
1 0.4577
1 0.34495
1 0.18256
1 0.038818
1 5.22e-05
1 0
1 0
1 0
1 0
1 0
1 9.47e-06
1 0.0057022
1 0.12097
1 0.33465
1 0.42822
1 0.54258
1 0.65377
1 0.62988
1 0.61302
1 0.60876
1 0.59538
1 0.60396
1 0.59297
1 0.54008
1 0.4584
1 0.35486
1 0.18928
1 0.043247
1 0.00010002
1 0
1 0
1 0
1 0
1 0
1 1.9e-05
1 0.0073611
1 0.12765
1 0.34008
1 0.43198
1 0.54503
1 0.65433
1 0.63174
1 0.61567
1 0.61044
1 0.5952
1 0.60609
1 0.59415
1 0.54203
1 0.45935
1 0.36286
1 0.19589
1 0.048142
1 0.00018764
1 0
1 0
1 0
1 0
1 0
1 3.57e-05
1 0.0093245
1 0.13379
1 0.34517
1 0.43432
1 0.54703
1 0.65632
1 0.63448
1 0.61761
1 0.61139
1 0.59556
1 0.60765
1 0.59615
1 0.54369
1 0.46172
1 0.36865
1 0.20225
1 0.05312
1 0.00031897
1 0
1 0
1 0
1 0
1 0
1 7.63e-05
1 0.011617
1 0.14012
1 0.35065
1 0.43681
1 0.54903
1 0.65823
1 0.63823
1 0.61932
1 0.61269
1 0.59677
1 0.60857
1 0.59808
1 0.54637
1 0.46435
1 0.37349
1 0.20895
1 0.058706
1 0.0005468
1 0
1 0
1 0
1 0
1 0
1 0.00012699
1 0.014118
1 0.14633
1 0.35575
1 0.44028
1 0.55145
1 0.65949
1 0.64145
1 0.62063
1 0.61574
1 0.59826
1 0.61012
1 0.59952
1 0.54985
1 0.46602
1 0.37737
1 0.2161
1 0.063578
1 0.00087383
1 1.06e-07
1 0
1 0
1 0
1 0
1 0.00021264
1 0.01691
1 0.15323
1 0.36004
1 0.44399
1 0.55476
1 0.65939
1 0.64397
1 0.6219
1 0.61913
1 0.60038
1 0.61227
1 0.60135
1 0.55307
1 0.46822
1 0.38209
1 0.2229
1 0.068349
1 0.0013757
1 1.85e-07
1 0
1 0
1 0
1 0
1 0.00031911
1 0.01958
1 0.16022
1 0.36417
1 0.44702
1 0.55724
1 0.65889
1 0.64638
1 0.62299
1 0.62198
1 0.60187
1 0.6142
1 0.60388
1 0.55608
1 0.47163
1 0.38695
1 0.23032
1 0.073
1 0.0020796
1 2.99e-07
1 0
1 0
1 0
1 0
1 0.00042076
1 0.022069
1 0.16728
1 0.36816
1 0.45045
1 0.55891
1 0.65825
1 0.64806
1 0.62421
1 0.62363
1 0.60251
1 0.61567
1 0.6063
1 0.55866
1 0.47673
1 0.39247
1 0.23721
1 0.077767
1 0.002974
1 4.54e-07
1 0
1 0
1 0
1 0
1 0.00056362
1 0.024091
1 0.17425
1 0.37312
1 0.45348
1 0.55967
1 0.65767
1 0.64936
1 0.62595
1 0.62521
1 0.6034
1 0.61643
1 0.6083
1 0.56103
1 0.48243
1 0.3977
1 0.24314
1 0.082678
1 0.0040062
1 5.54e-07
1 0
1 0
1 0
1 0
1 0.00072337
1 0.026118
1 0.18078
1 0.37904
1 0.45641
1 0.56012
1 0.65732
1 0.65033
1 0.62744
1 0.62661
1 0.60504
1 0.61623
1 0.60992
1 0.56304
1 0.48746
1 0.40244
1 0.24847
1 0.087703
1 0.0052401
1 1.71e-06
1 0
1 0
1 0
1 0
1 0.00087852
1 0.028363
1 0.18691
1 0.38525
1 0.45895
1 0.56083
1 0.65809
1 0.65101
1 0.62816
1 0.62869
1 0.60745
1 0.61539
1 0.61116
1 0.56476
1 0.49172
1 0.4061
1 0.25363
1 0.092772
1 0.0066252
1 3.48e-06
1 0
1 0
1 0
1 0
1 0.0010521
1 0.03076
1 0.19297
1 0.39062
1 0.46065
1 0.5621
1 0.65916
1 0.65151
1 0.6282
1 0.6306
1 0.60954
1 0.61483
1 0.61213
1 0.56612
1 0.49518
1 0.40929
1 0.25907
1 0.097589
1 0.0080993
1 8.02e-06
1 0
1 0
1 0
1 3.69e-08
1 0.0012131
1 0.033229
1 0.19909
1 0.39531
1 0.46256
1 0.56321
1 0.66073
1 0.65216
1 0.62767
1 0.63206
1 0.61107
1 0.615
1 0.61276
1 0.56712
1 0.49821
1 0.41143
1 0.2643
1 0.10246
1 0.0095736
1 1.45e-05
1 0
1 0
1 0
1 3.32e-07
1 0.0014421
1 0.035531
1 0.20526
1 0.39913
1 0.46428
1 0.56441
1 0.66225
1 0.65254
1 0.62745
1 0.63268
1 0.61245
1 0.61544
1 0.61353
1 0.5683
1 0.50081
1 0.41296
1 0.26951
1 0.10681
1 0.011054
1 2.3e-05
1 0
1 0
1 0
1 4.8e-07
1 0.0016526
1 0.037791
1 0.21127
1 0.40276
1 0.46611
1 0.56595
1 0.66393
1 0.65242
1 0.62796
1 0.63334
1 0.61347
1 0.61636
1 0.61409
1 0.57002
1 0.50378
1 0.4141
1 0.274
1 0.11112
1 0.012623
1 3.7e-05
1 0
1 0
1 0
1 5.86e-07
1 0.0018428
1 0.040279
1 0.21705
1 0.40548
1 0.4678
1 0.56738
1 0.6653
1 0.6529
1 0.62917
1 0.63428
1 0.61462
1 0.61731
1 0.61438
1 0.57203
1 0.50654
1 0.41481
1 0.27786
1 0.1151
1 0.014306
1 5.28e-05
1 0
